$ 1 0.000005 10.634267539816555 50 5 50 5e-11
r 208 128 208 208 0 10000
w 256 224 128 224 0
r 400 128 400 208 0 3300
w 400 208 400 240 0
w 400 240 384 240 0
w 400 240 464 240 0
w 256 256 208 256 0
w 208 256 208 208 0
r 208 256 208 336 0 10000
r 128 256 128 336 0 10000
w 128 256 128 224 0
409 304 240 384 240 1 0.6 -4.9573784483339844 0.0231 0
w 304 224 256 224 0
w 336 272 336 336 0
w 208 336 128 336 0
w 208 336 336 336 0
r 128 128 128 224 0 10000
w 336 208 336 128 0
w 128 336 -80 336 0
g -80 336 -80 368 0 0
R -80 128 -80 96 0 0 40 5 0 0 0.5
w 208 128 128 128 0
w 128 128 -80 128 0
w 208 128 336 128 0
w 336 128 400 128 0
r 448 304 368 304 0 330000
w 368 304 288 304 0
w 288 304 288 256 0
w 304 256 288 256 0
w 288 256 256 256 0
w 448 304 464 304 0
w 464 304 464 240 0
w 464 240 528 240 2
r 128 224 48 224 0 33000
c 48 224 0 224 0 0.00001 2.5005203661910027 0.001
v -80 224 -80 336 0 1 40 4 0 0 0.5
w 496 336 336 336 0
w -80 224 0 224 0
182 528 240 608 240 0 0.5 1.66 3.33 5 0
w 608 240 624 240 0
o 35 16 0 4098 4 0.0001 0 2 35 3
o 39 16 0 4098 5 0.1 1 2 39 3
o 39 16 0 4098 5 0.1 2 4 39 3 35 0 35 3
